cam_model: Pinhole
cam_width: 1456
cam_height: 1088

cam_fx: 1041.9174608
cam_fy: 1043.46092382
cam_cx: 769.92258642
cam_cy: 568.00335957
cam_d0: -0.35466216  
cam_d1: 0.1248001 
cam_d2: -0.00053277 
cam_d3: -0.00013726